./100.jpg 1 741 642 1578 2406
./101.jpg 1 1275 750 1065 2295
./102.jpg 1 1083 855 1206 2190
./103.jpg 1 834 663 1368 2385
./104.jpg 1 786 666 1521 2379
./105.jpg 1 1278 777 1098 2271
./106.jpg 1 1041 870 1242 2175
./107.jpg 1 888 675 1299 2373
./108.jpg 1 762 657 1533 2391
./109.jpg 1 1269 780 1065 2268
./110.jpg 1 1062 882 1203 2163
./111.jpg 1 849 699 1317 2346
./112.jpg 1 717 666 1584 2379
./113.jpg 1 1434 774 927 2271
./114.jpg 1 1074 864 1200 2181
./115.jpg 1 825 690 1338 2358
./116.jpg 1 708 666 1587 2379
./117.jpg 1 1371 777 978 2271
./118.jpg 1 1077 873 1197 2172
./119.jpg 1 831 696 1365 2352
./120.jpg 1 696 663 1623 2385
./121.jpg 1 1266 777 1110 2271
./122.jpg 1 1059 849 1209 2193
./123.jpg 1 792 696 1386 2349
./124.jpg 1 681 681 1620 2361
./125.jpg 1 1272 774 1128 2271
./126.jpg 1 1053 876 1230 2172
./127.jpg 1 819 693 1350 2352
./128.jpg 1 663 669 1638 2364
./129.jpg 1 1272 786 1086 2262
./130.jpg 1 1032 861 1236 2187
./131.jpg 1 813 696 1359 2349
./132.jpg 1 678 669 1614 2376
./133.jpg 1 1278 768 1125 2280
./134.jpg 1 1020 873 1248 2160
./135.jpg 1 912 696 1248 2352
./136.jpg 1 720 672 1575 2376
./137.jpg 1 1257 774 1113 2271
./138.jpg 1 1017 867 1266 2181
./139.jpg 1 918 690 1248 2355
./140.jpg 1 783 666 1518 2382
./141.jpg 1 1296 777 1068 2268
./142.jpg 1 1062 867 1200 2181
./143.jpg 1 933 690 1221 2355
./145.jpg 1 735 669 1554 2358
./146.jpg 1 1287 792 1098 2253
./147.jpg 1 1086 858 1179 2187
./148.jpg 1 873 678 1296 2370
./149.jpg 1 780 666 1521 2379
./150.jpg 1 0 0 0 0
./151.jpg 1 885 678 1275 2358
./152.jpg 1 768 672 1524 2376
./153.jpg 1 1266 789 1095 2256
./154.jpg 1 1098 861 1170 2187
./155.jpg 1 927 696 1230 2349
./156.jpg 1 795 675 1500 2373
./157.jpg 1 1275 789 1095 2256
./158.jpg 1 1077 870 1191 2178
./159.jpg 1 927 690 1227 2358
./160.jpg 1 786 675 1503 2370
./161.jpg 1 1284 780 1065 2265
./162.jpg 1 1104 867 1167 2178
./163.jpg 1 939 690 1215 2358
./164.jpg 1 765 672 1518 2376
./165.jpg 1 1275 783 1068 2262
./166.jpg 1 1101 864 1164 2184
./167.jpg 1 888 693 1272 2352
./168.jpg 1 789 675 1500 2370
./169.jpg 1 1281 774 1095 2274
./170.jpg 1 1107 858 1161 2190
./171.jpg 1 894 684 1275 2364
./172.jpg 1 804 672 1494 2373
./173.jpg 1 1272 786 1074 2259
./174.jpg 1 1083 864 1173 2166
./175.jpg 1 933 696 1221 2349
./176.jpg 1 798 672 1494 2376
./177.jpg 1 1281 786 1095 2259
./178.jpg 1 1089 861 1179 2184
./179.jpg 1 921 684 1239 2361
./180.jpg 1 804 678 1485 2367
./181.jpg 1 1269 789 1068 2259
./182.jpg 1 1104 867 1167 2178
./183.jpg 1 930 693 1227 2355
./184.jpg 1 792 672 1500 2373
./185.jpg 1 1275 771 1101 2274
./186.jpg 1 1104 864 1161 2184
./187.jpg 1 858 690 1302 2355
./188.jpg 1 795 672 1485 2373
./189.jpg 1 1281 777 1068 2271
./190.jpg 1 1110 852 1155 2196
./191.jpg 1 924 690 1236 2355
./192.jpg 1 795 678 1488 2370
./193.jpg 1 1269 786 1095 2259
./194.jpg 1 1095 861 1179 2184
./195.jpg 1 918 693 1242 2352
./196.jpg 1 798 666 1494 2379
./197.jpg 1 1275 786 1095 2259
./198.jpg 1 1092 855 1173 2193
./199.jpg 1 930 690 1233 2271
./200.jpg 1 801 678 1491 2370
./201.jpg 1 1287 780 1080 2268
./202.jpg 1 1095 870 1191 2175
./203.jpg 1 936 684 1227 2361
./204.jpg 1 804 672 1482 2370
./205.jpg 1 1284 783 1071 2262
./206.jpg 1 1104 867 1161 2178
./207.jpg 1 924 687 1230 2358
./208.jpg 1 795 669 1494 2376
./209.jpg 1 1287 786 1083 2259
./210.jpg 1 1104 867 1164 2181
./211.jpg 1 933 687 1224 2358
./212.jpg 1 795 675 1491 2370
./213.jpg 1 1302 783 1077 2265
./214.jpg 1 1101 852 1167 2193
./215.jpg 1 933 693 1224 2352
./216.jpg 1 795 690 1491 2355
./217.jpg 1 1284 786 1071 2262
./218.jpg 1 1113 858 1149 2187
./219.jpg 1 930 696 1224 2343
./220.jpg 1 792 675 1494 2370
./221.jpg 1 1275 798 1086 2247
./222.jpg 1 1113 861 1155 2181
./223.jpg 1 915 684 1233 2364
./224.jpg 1 789 672 1500 2373
./225.jpg 1 1299 780 1068 2265
./226.jpg 1 1098 864 1161 2184
./227.jpg 1 933 693 1227 2352
./228.jpg 1 780 678 1509 2370
./229.jpg 1 1272 789 1095 2259
./230.jpg 1 1107 873 1164 2175
./231.jpg 1 924 696 1242 2349
./232.jpg 1 795 669 1488 2376
./233.jpg 1 1290 786 1056 2259
./234.jpg 1 1095 861 1164 2187
./235.jpg 1 930 690 1218 2355
./236.jpg 1 795 669 1485 2379
./237.jpg 1 1281 777 1101 2268
./238.jpg 1 1113 867 1155 2181
./239.jpg 1 927 687 1221 2358
./240.jpg 1 801 666 1485 2382
./241.jpg 1 1284 777 1095 2268
./242.jpg 1 1098 867 1170 2178
./243.jpg 1 906 684 1245 2361
./244.jpg 1 798 672 1491 2376
./245.jpg 1 1293 780 1074 2256
./246.jpg 1 1095 846 1164 2202
./247.jpg 1 924 690 1233 2355
./248.jpg 1 795 672 1485 2376
./249.jpg 1 1302 777 1068 2262
./250.jpg 1 1104 873 1167 2172
./251.jpg 1 924 684 1236 2361
./252.jpg 1 783 672 1500 2376
./253.jpg 1 1296 783 1065 2250
./254.jpg 1 1077 867 1182 2181
./255.jpg 1 942 687 1212 2355
./256.jpg 1 795 669 1494 2376
./257.jpg 1 1293 789 1068 2259
./258.jpg 1 1077 864 1182 2181
./259.jpg 1 936 687 1227 2361
./260.jpg 1 810 678 1488 2370
./261.jpg 1 1302 783 1083 2262
./262.jpg 1 1107 861 1158 2187
./263.jpg 1 906 696 1245 2352
./264.jpg 1 804 675 1485 2373
./265.jpg 1 1281 783 1107 2259
./266.jpg 1 1113 867 1146 2181
./267.jpg 1 936 690 1212 2355
./268.jpg 1 801 663 1488 2382
./269.jpg 1 1296 789 1059 2259
./270.jpg 1 1104 849 1164 2196
./271.jpg 1 939 693 1212 2355
./272.jpg 1 801 675 1479 2370
./273.jpg 1 1587 777 678 2268
./274.jpg 1 1119 867 1071 2178
./275.jpg 1 936 696 1212 2349
./276.jpg 1 789 681 1500 2367
./277.jpg 1 1296 777 1056 2268
./278.jpg 1 1110 867 1155 2181
./279.jpg 1 930 699 1203 2349
./28.jpg 1 855 129 1200 2448
./280.jpg 1 795 678 1488 2367
./281.jpg 1 1275 774 1050 2274
./282.jpg 1 1116 870 1146 2175
./283.jpg 1 936 696 1212 2349
./284.jpg 1 795 663 1482 2385
./285.jpg 1 1107 870 1161 2175
./286.jpg 1 939 693 1212 2352
./287.jpg 1 801 660 1479 2385
./288.jpg 1 1284 777 1062 2268
./289.jpg 1 1101 861 1158 2184
./29.jpg 1 573 153 1704 2895
./290.jpg 1 939 687 1224 2349
./291.jpg 1 801 675 1482 2370
./292.jpg 1 1284 780 1059 2265
./293.jpg 1 1098 864 1155 2184
./294.jpg 1 939 696 1218 2352
./295.jpg 1 795 669 1491 2379
./296.jpg 1 1296 789 1068 2256
./297.jpg 1 1095 861 1167 2184
./298.jpg 1 930 693 1227 2355
./299.jpg 1 804 669 1494 2376
./30.jpg 1 738 579 1182 2418
./300.jpg 1 1281 774 1071 2271
./301.jpg 1 1104 867 1152 2181
./302.jpg 1 924 687 1230 2361
./303.jpg 1 774 669 1515 2379
./304.jpg 1 1290 783 1062 2265
./305.jpg 1 1110 867 1146 2178
./306.jpg 1 894 693 1257 2352
./307.jpg 1 780 669 1515 2379
./308.jpg 1 1311 783 1038 2262
./309.jpg 1 1110 864 1152 2181
./31.jpg 1 495 198 3312 1734
./310.jpg 1 807 675 1485 2373
./311.jpg 1 1314 786 1035 2259
./312.jpg 1 1026 855 1236 2193
./313.jpg 1 918 699 1227 2349
./314.jpg 1 792 681 1500 2367
./315.jpg 1 1245 798 1104 2247
./316.jpg 1 1098 876 1164 2172
./317.jpg 1 939 687 1209 2358
./318.jpg 1 801 672 1488 2376
./319.jpg 1 1293 789 1071 2256
./32.jpg 1 1188 1080 2046 1020
./320.jpg 1 1104 834 1149 2211
./321.jpg 1 915 696 1242 2352
./322.jpg 1 801 669 1491 2379
./323.jpg 1 1281 789 1074 2259
./324.jpg 1 1098 873 1167 2175
./325.jpg 1 927 696 1227 2352
./326.jpg 1 810 657 1488 2388
./327.jpg 1 1302 792 1050 2250
./328.jpg 1 1083 858 1179 2190
./329.jpg 1 882 693 1275 2355
./33.jpg 1 1827 1422 606 309
./330.jpg 1 810 678 1473 2367
./331.jpg 1 1596 780 723 2250
./332.jpg 1 1101 882 1158 2163
./333.jpg 1 930 681 1221 2367
./334.jpg 1 816 663 1470 2385
./335.jpg 1 1293 777 1050 2250
./336.jpg 1 1113 861 1155 2184
./337.jpg 1 927 690 1224 2355
./338.jpg 1 807 666 1482 2382
./339.jpg 1 1575 786 762 2253
./34.jpg 1 1062 1119 1326 654
./340.jpg 1 1089 870 1173 2175
./341.jpg 1 942 693 1209 2352
./342.jpg 1 795 663 1503 2382
./343.jpg 1 1572 777 759 2271
./344.jpg 1 1116 846 1143 2199
./345.jpg 1 942 678 1197 2370
./346.jpg 1 825 660 1455 2385
./347.jpg 1 1548 783 795 2262
./348.jpg 1 1107 861 1149 2184
./349.jpg 1 924 690 1224 2355
./35.jpg 1 975 987 2595 1281
./350.jpg 1 795 675 1494 2370
./351.jpg 1 1371 789 978 2256
./352.jpg 1 1098 849 1155 2199
./353.jpg 1 936 699 1221 2346
./354.jpg 1 819 681 1470 2364
./355.jpg 1 1431 738 933 2310
./356.jpg 1 1107 855 1152 2190
./357.jpg 1 942 705 1209 2343
./358.jpg 1 816 663 1461 2382
./359.jpg 1 1569 786 747 2259
./36.jpg 1 948 963 2598 1212
./360.jpg 1 1104 870 1158 2175
./361.jpg 1 939 696 1083 2343
./362.jpg 1 822 675 1452 2373
./363.jpg 1 1380 783 936 2262
./364.jpg 1 1110 864 1143 2181
./365.jpg 1 912 684 1230 2361
./366.jpg 1 804 684 1467 2364
./367.jpg 1 1533 792 792 2256
./368.jpg 1 1119 867 1152 2181
./369.jpg 1 852 687 1308 2358
./37.jpg 1 1380 294 726 1974
./370.jpg 1 774 666 1512 2379
./371.jpg 1 1500 762 828 2286
./372.jpg 1 1110 870 1155 2175
./373.jpg 1 939 702 1224 2346
./374.jpg 1 795 678 1485 2367
./375.jpg 1 1116 870 1050 2178
./376.jpg 1 924 681 1053 2364
./377.jpg 1 789 672 1287 2376
./378.jpg 1 1602 786 690 2259
./379.jpg 1 1107 864 1128 2184
./38.jpg 1 1668 966 681 1623
./380.jpg 1 903 672 1230 2373
./381.jpg 1 813 666 1233 2376
./382.jpg 1 1590 789 696 2259
./383.jpg 1 1110 885 1086 2139
./384.jpg 1 909 690 1128 2358
./385.jpg 1 804 672 1254 2376
./386.jpg 1 1461 774 882 2274
./387.jpg 1 1119 885 981 2163
./388.jpg 1 924 684 1005 2358
./389.jpg 1 846 678 1203 2367
./39.jpg 1 933 1098 945 1902
./390.jpg 1 1488 792 825 2256
./391.jpg 1 1026 861 1242 2187
./392.jpg 1 942 687 1128 2358
./393.jpg 1 771 651 1299 2394
./394.jpg 1 1578 777 723 2268
./395.jpg 1 1104 864 1155 2181
./396.jpg 1 897 687 1119 2361
./397.jpg 1 795 669 1251 2376
./398.jpg 1 1446 792 855 2253
./399.jpg 1 1128 873 1002 2172
./40.jpg 1 1023 708 798 2241
./400.jpg 1 888 684 1275 2364
./401.jpg 1 816 666 1467 2382
./402.jpg 1 1557 792 783 2253
./403.jpg 1 1119 882 1140 2154
./404.jpg 1 924 681 1206 2367
./405.jpg 1 807 672 1476 2376
./406.jpg 1 1452 765 906 2280
./407.jpg 1 1092 867 1164 2181
./408.jpg 1 924 696 1233 2349
./409.jpg 1 789 669 1497 2379
./41.jpg 1 633 549 1239 2496
./410.jpg 1 1518 780 837 2265
./411.jpg 1 1050 870 1200 2175
./412.jpg 1 900 687 1230 2358
./413.jpg 1 813 666 1227 2379
./414.jpg 1 1590 783 729 2262
./415.jpg 1 1110 882 1152 2163
./416.jpg 1 906 693 1221 2355
./417.jpg 1 816 675 1218 2373
./418.jpg 1 1356 789 996 2256
./419.jpg 1 1110 870 1143 2175
./42.jpg 1 816 1140 993 1698
./420.jpg 1 948 681 1203 2367
./421.jpg 1 786 669 1491 2379
./422.jpg 1 1392 789 945 2259
./423.jpg 1 1062 870 1191 2175
./424.jpg 1 921 690 1239 2223
./425.jpg 1 792 645 1482 2403
./426.jpg 1 1389 801 972 2244
./427.jpg 1 1080 855 1179 2193
./428.jpg 1 897 690 1245 2358
./429.jpg 1 801 678 1482 2370
./43.jpg 1 831 684 1449 2361
./430.jpg 1 1389 786 960 2256
./431.jpg 1 1086 858 1164 2190
./432.jpg 1 927 684 1209 2361
./433.jpg 1 801 690 1350 2355
./434.jpg 1 1359 774 975 2274
./435.jpg 1 1110 846 1065 2199
./436.jpg 1 912 687 1044 2361
./437.jpg 1 786 657 1314 2376
./438.jpg 1 1488 786 837 2259
./439.jpg 1 1104 861 1032 2175
./44.jpg 1 1509 792 819 2232
./440.jpg 1 942 693 1014 2355
./441.jpg 1 783 675 1293 2346
./442.jpg 1 1341 795 996 2250
./443.jpg 1 1128 849 1002 2199
./444.jpg 1 942 702 1035 2346
./445.jpg 1 786 672 1488 2373
./446.jpg 1 1461 780 831 2265
./447.jpg 1 1083 864 1176 2184
./448.jpg 1 882 705 1272 2343
./449.jpg 1 1443 762 897 2286
./45.jpg 1 1101 864 1161 2184
./450.jpg 1 1101 867 1158 2181
./451.jpg 1 951 687 1218 2361
./452.jpg 1 789 678 1497 2370
./453.jpg 1 1356 777 1008 2271
./454.jpg 1 921 696 1236 2352
./455.jpg 1 1575 777 762 2268
./456.jpg 1 807 651 1503 2397
./457.jpg 1 1368 801 1002 2247
./458.jpg 1 1116 873 1137 2172
./459.jpg 1 942 690 1218 2355
./46.jpg 1 933 693 1212 2355
./460.jpg 1 795 678 1482 2370
./461.jpg 1 1557 801 777 2247
./462.jpg 1 1122 858 1131 2187
./463.jpg 1 945 708 1194 2244
./464.jpg 1 813 678 1461 2367
./465.jpg 1 1524 801 810 2247
./466.jpg 1 1101 858 1155 2190
./467.jpg 1 921 702 987 2337
./468.jpg 1 804 684 1350 2364
./469.jpg 1 1356 786 987 2262
./47.jpg 1 771 669 1494 2376
./470.jpg 1 1122 873 1017 2175
./471.jpg 1 900 678 1035 2370
./472.jpg 1 750 702 1329 2343
./473.jpg 1 1362 795 1017 2250
./474.jpg 1 1086 873 1170 2175
./475.jpg 1 921 678 1230 2343
./476.jpg 1 804 684 1278 2361
./478.jpg 1 1344 759 1002 2289
./479.jpg 1 1113 834 1146 2214
./48.jpg 1 1518 762 789 2286
./480.jpg 1 891 675 1275 2370
./481.jpg 1 807 666 1245 2379
./482.jpg 1 1446 771 894 2277
./483.jpg 1 1086 855 1023 2178
./484.jpg 1 942 669 1014 2373
./485.jpg 1 801 681 1272 2367
./486.jpg 1 1479 768 837 2280
./487.jpg 1 1062 852 1203 2196
./489.jpg 1 906 687 1086 2361
./49.jpg 1 1032 870 1125 2169
./490.jpg 1 804 693 1263 2355
./491.jpg 1 1353 774 981 2262
./492.jpg 1 1059 852 1074 2178
./493.jpg 1 918 636 1230 2409
./494.jpg 1 792 666 1347 2379
./495.jpg 1 1464 783 885 2265
./496.jpg 1 1086 870 1122 2178
./497.jpg 1 933 672 1077 2373
./498.jpg 1 798 681 1272 2367
./499.jpg 1 1515 774 804 2265
./50.jpg 1 891 690 1077 2355
./500.jpg 1 1080 861 1020 2184
./501.jpg 1 909 708 1050 2337
./502.jpg 1 774 654 1302 2391
./503.jpg 1 1371 753 987 2295
./504.jpg 1 1113 861 1002 2187
./505.jpg 1 936 681 969 2367
./506.jpg 1 819 666 1275 2340
./507.jpg 1 1383 783 990 2262
./508.jpg 1 1119 867 1017 2178
./509.jpg 1 888 675 1095 2373
./51.jpg 1 792 675 1326 2370
./510.jpg 1 807 678 1305 2370
./511.jpg 1 1365 792 984 2253
./512.jpg 1 1092 864 1140 2181
./513.jpg 1 942 693 1023 2355
./514.jpg 1 819 672 1287 2373
./515.jpg 1 1353 786 978 2259
./516.jpg 1 1098 867 1152 2178
./517.jpg 1 939 690 1200 2358
./518.jpg 1 813 678 1473 2367
./519.jpg 1 1374 786 987 2259
./52.jpg 1 1431 768 903 2280
./520.jpg 1 1092 864 1140 2184
./521.jpg 1 915 696 1044 2352
./522.jpg 1 789 669 1323 2376
./523.jpg 1 1380 774 987 2271
./524.jpg 1 1104 873 1155 2175
./525.jpg 1 909 693 1083 2340
./526.jpg 1 822 681 1275 2364
./527.jpg 1 1443 786 885 2259
./528.jpg 1 1050 849 1230 2199
./529.jpg 1 930 690 1236 2358
./53.jpg 1 1086 861 1176 2187
./530.jpg 1 741 669 1536 2376
./531.jpg 1 1386 759 954 2286
./532.jpg 1 1113 873 1146 2175
./533.jpg 1 909 699 1242 2346
./534.jpg 1 798 687 1335 2358
./535.jpg 1 1407 759 987 2280
./536.jpg 1 1122 867 1110 2178
./537.jpg 1 930 672 1206 2373
./54.jpg 1 906 645 1230 2403
./55.jpg 1 921 963 1068 2082
./56.jpg 1 810 681 1461 2364
./57.jpg 1 1569 774 744 2271
./58.jpg 1 1077 852 1182 2196
./59.jpg 1 915 675 1233 2373
./60.jpg 1 753 666 1521 2382
./61.jpg 1 1284 801 1080 2247
./62.jpg 1 1086 861 1170 2187
./63.jpg 1 936 690 1209 2355
./64.jpg 1 753 678 1365 2367
./65.jpg 1 1332 795 1002 2250
./66.jpg 1 1095 858 1155 2187
./67.jpg 1 963 705 1170 2343
./68.jpg 1 789 663 1296 2382
./69.jpg 1 1305 780 1026 2268
./70.jpg 1 1077 858 1179 2184
./71.jpg 1 927 699 1215 2346
./72.jpg 1 828 666 1329 2379
./73.jpg 1 1308 792 1050 2256
./74.jpg 1 1122 870 1113 2178
./75.jpg 1 927 684 1032 2361
./76.jpg 1 786 666 1281 2379
./77.jpg 1 1371 759 975 2289
./78.jpg 1 1089 840 1062 2199
./79.jpg 1 927 687 1026 2358
./80.jpg 1 804 681 1311 2364
./81.jpg 1 1260 798 1125 2247
./82.jpg 1 1122 861 1017 2187
./83.jpg 1 927 681 1044 2364
./84.jpg 1 768 666 1308 2379
./85.jpg 1 1386 774 972 2118
./86.jpg 1 1071 867 1200 2181
./87.jpg 1 885 702 1263 2346
./88.jpg 1 759 687 1521 2358
./89.jpg 1 1320 810 1044 2238
./90.jpg 1 1095 852 1161 2196
./91.jpg 1 903 702 1251 2346
./92.jpg 1 759 624 1326 2394
./93.jpg 1 1374 795 993 2250
./94.jpg 1 1083 876 1164 2172
./95.jpg 1 903 705 1233 2343
./96.jpg 1 774 651 1332 2397
./97.jpg 1 1356 771 990 2277
./98.jpg 1 1071 870 1194 2175
./99.jpg 1 873 669 1263 2256
./p1.jpg 1 1617 297 951 2013
./p10.jpg 1 1146 591 594 1320
./p11.jpg 1 753 897 1176 2109
./p13.jpg 1 1266 411 330 639
./p14.jpg 1 1461 1203 57 90
./p15.jpg 1 1188 1077 426 786
./p16.jpg 1 561 72 1524 2760
./p17.jpg 1 999 846 1083 2199
./p18.jpg 1 1032 723 945 1920
./p19.jpg 1 696 1062 1134 1863
./p2.jpg 1 1206 216 1119 2511
./p20.jpg 1 645 1197 999 1773
./p21.jpg 1 1125 1251 630 1500
./p22.jpg 1 1707 849 96 171
./p23.jpg 1 972 819 831 2226
./p24.jpg 1 1887 975 264 525
./p25.jpg 1 2541 681 297 612
./p26.jpg 1 1101 204 1029 2430
./p27.jpg 1 1323 309 1056 2295
./p3.jpg 1 1104 15 864 2760
./p4.jpg 1 1104 15 1470 2838
./p5.jpg 1 1089 1053 579 954
./p6.jpg 1 456 36 1404 1725
./p7.jpg 1 1353 1320 627 843
./p8.jpg 1 894 255 1185 2478
./p9.jpg 1 510 105 870 2592
