./480.jpg 1 876 681 1287 2364
./481.jpg 1 792 651 1461 2244
./482.jpg 1 1362 783 990 2112
./483.jpg 1 1080 864 1110 2031
./484.jpg 1 861 696 1311 2202
./485.jpg 1 750 657 1365 2238
./486.jpg 1 1446 756 900 2142
./487.jpg 1 1080 867 1095 2028
./489.jpg 1 867 696 1290 2202
./490.jpg 1 753 651 1470 2247
./491.jpg 1 1431 780 906 2118
./492.jpg 1 1107 870 1041 2025
./493.jpg 1 897 690 1242 2205
./494.jpg 1 792 681 1314 2199
./495.jpg 1 1431 771 945 2124
./496.jpg 1 1116 855 1053 2043
./497.jpg 1 948 684 1203 2214
./498.jpg 1 786 678 1464 2220
./499.jpg 1 1413 771 939 2124
./500.jpg 1 1116 792 1047 2103
./501.jpg 1 933 699 1206 2199
./502.jpg 1 807 711 1314 2184
./503.jpg 1 1395 783 954 2115
./504.jpg 1 1098 855 1041 2043
./505.jpg 1 948 690 1017 2208
./506.jpg 1 789 705 1320 2193
./507.jpg 1 1368 792 981 2103
./508.jpg 1 1086 849 1083 2049
./509.jpg 1 927 693 1227 2202
./510.jpg 1 798 699 1356 2196
./511.jpg 1 1416 804 924 2091
./512.jpg 1 1050 807 1107 2088
./513.jpg 1 900 708 1224 2190
./514.jpg 1 810 687 1296 2211
./515.jpg 1 1566 762 750 2136
./516.jpg 1 1131 837 1053 2061
./517.jpg 1 897 678 1254 2220
./518.jpg 1 804 660 1335 2238
./519.jpg 1 1416 792 906 2103
./520.jpg 1 1095 894 1056 2004
./521.jpg 1 936 687 1224 2211
./522.jpg 1 774 675 1470 2220
./523.jpg 1 1446 774 909 2124
./524.jpg 1 1110 876 1044 2019
./525.jpg 1 921 705 1239 2193
./526.jpg 1 819 690 1446 2205
./527.jpg 1 1350 786 1002 2103
./528.jpg 1 1104 876 1071 2019
./529.jpg 1 915 684 1233 2211
./530.jpg 1 777 684 1449 2214
./531.jpg 1 1380 783 948 2115
./532.jpg 1 1062 879 1107 2016
./533.jpg 1 918 693 1248 2205
./534.jpg 1 801 678 1302 2220
./535.jpg 1 1383 774 972 2124
./536.jpg 1 1113 867 1065 2028
./537.jpg 1 912 696 1233 2199
./p1.JPG 1 1623 291 933 2013
./p10.JPG 1 1122 573 597 1317
./p11.JPG 1 771 903 1167 2121
./p13.JPG 1 1254 405 333 645
./p14.JPG 1 1428 1149 102 147
./p15.JPG 1 1212 1074 408 774
./p16.JPG 1 567 87 1482 2682
./p17.JPG 1 966 837 1107 2061
./p18.JPG 1 933 729 1029 1950
./p19.JPG 1 696 1017 1161 1848
./p2.JPG 1 1194 219 1110 2475
./p20.JPG 1 639 1170 1047 1725
./p21.JPG 1 1098 1257 672 1500
./p22.JPG 1 1680 813 126 216
./p23.JPG 1 840 813 1161 2085
./p24.JPG 1 1896 996 255 480
./p25.JPG 1 2535 681 330 606
./p26.JPG 1 1122 243 1041 2406
./p27.JPG 1 1593 255 762 2547
./p3.JPG 1 2028 2793 327 9
./p4.JPG 1 1041 39 1578 2817
./p5.JPG 1 1065 1029 624 969
./p6.JPG 1 393 6 1482 1788
./p7.JPG 1 1386 1104 870 990
./p8.JPG 1 885 276 1338 2517
./p9.JPG 1 393 102 1182 2688
