./p1.JPG 1 1566 264 1035 2073
./p10.JPG 1 1170 576 579 1329
./p11.JPG 1 783 891 1161 2118
./p13.JPG 1 1254 390 345 660
./p14.JPG 1 1449 1140 81 165
./p15.JPG 1 1155 1077 474 804
./p16.JPG 1 558 66 1596 2826
./p17.JPG 1 1020 834 1077 2211
./p18.JPG 1 903 717 1122 1965
./p19.JPG 1 717 1092 1173 1944
./p2.JPG 1 1251 228 1179 2544
./p20.JPG 1 696 1167 993 1878
./p21.JPG 1 1137 1245 645 1557
./p22.JPG 1 1683 813 126 213
./p23.JPG 1 933 813 1014 1950
./p24.JPG 1 1911 975 249 522
./p25.JPG 1 2529 666 354 657
./p26.JPG 1 1134 228 1056 2508
./p27.JPG 1 1326 288 1053 2586
./p3.JPG 1 1020 6 1053 2817
./p4.JPG 1 1074 18 1554 2871
./p5.JPG 1 1101 1050 591 972
./p6.JPG 1 420 21 1455 1752
./p7.JPG 1 687 273 2208 2541
./p8.JPG 1 876 216 1362 2619
./p9.JPG 1 405 96 1188 2772
